Fitting rotations ... done.
               cd11        cd12        cd21        cd22      xnudge      ynudge      pa_deg     pscale0     pscale1
NE-NW:    0.9999416   0.0041134   0.0062472   0.9998066  -0.0066299   0.0027110   0.2356932   0.9999500   0.9998261
NE-SE:    1.0023337   0.0033832   0.0031272   0.9908764  -0.0069883  -0.0306407   0.1933892   1.0023394   0.9908814
NE-SW:    1.0026715  -0.0001371   0.0024890   1.0004407  -0.0052424   0.0089748   0.0078335   1.0026715   1.0004438
NW-SE:    1.0024030  -0.0007026  -0.0031423   0.9910998  -0.0002586  -0.0342238   0.0401604   1.0024033   0.9911048
NW-SW:    1.0027433  -0.0042515  -0.0037723   1.0006480   0.0014055   0.0062615   0.2429279   1.0027523   1.0006551
SE-SW:    0.9937816  -0.0303930  -0.0174235   0.9411176   0.0006456   0.0353893   1.7517428   0.9942462   0.9412789

