               cd11        cd12        cd21        cd22      xnudge      ynudge      pa_deg     pscale0     pscale1
NE-NW:    0.9999515   0.0063534   0.0041989   0.9998084  -0.0061126   0.0021242   0.2405874   0.9999717   0.9998173
NE-SE:    1.0000901   0.0055722   0.0027586   0.9998193   0.0019175   0.0076450   0.1580432   1.0001057   0.9998231
NE-SW:    1.0005394   0.0024817  -0.0001453   1.0004068  -0.0048346   0.0094757  -0.0083221   1.0005425   1.0004068
NW-SE:    1.0001406  -0.0007851  -0.0014446   1.0000306   0.0080590   0.0054251  -0.0827584   1.0001409   1.0000316
NW-SW:    1.0006043  -0.0038772  -0.0043494   1.0006285   0.0013357   0.0071798  -0.2490519   1.0006118   1.0006379
SE-SW:    1.0004584  -0.0030989  -0.0029092   1.0006163  -0.0066773   0.0017727  -0.1666083   1.0004632   1.0006206
