               cd11        cd12        cd21        cd22      xnudge      ynudge      pa_deg     pscale0     pscale1
NE-NW:    0.9999522   0.0042017   0.0063453   0.9998133   0.0000000   0.0000000   0.2407517   0.9999611   0.9998335
NE-SE:    1.0022410   0.0027602   0.0055770   0.9998227   0.0000000   0.0000000   0.1577913   1.0022448   0.9998383
NE-SW:    1.0026923  -0.0001494   0.0024810   1.0004179   0.0000000   0.0000000   0.0085392   1.0026923   1.0004209
NW-SE:    1.0022900  -0.0014430  -0.0007828   1.0000184   0.0000000   0.0000000   0.0824911   1.0022910   1.0000187
NW-SW:    1.0027563  -0.0043556  -0.0038826   1.0006324   0.0000000   0.0000000   0.2488707   1.0027657   1.0006400
SE-SW:    1.0004582  -0.0029048  -0.0031006   1.0006116   0.0000000   0.0000000   0.1663562   1.0004624   1.0006164

