{
     'name'             :  'wise1828',
     'ra_deg'           : 277.12958333,
     'de_deg'           : +26.84383056,
   'pmra_cosdec_asyr'   :   0.954,      # pmRA * cos(dec)
   'pmde_asyr'          :   0.153,
   'epoch_jdutc'        :   2455468.11,

}
